6 0,0075048
7 0,0119766
8 0,0136062
9 0,052863
10 0,0889496
11 0,0378476
12 0,0491563
13 0,0650588
14 0,0449401
15 0,0408564
16 0,0939575
16 0,0655038
17 0,0551728
18 0,0432733
19 0,0461091
20 0,0442263
21 0,0385987
22 0,0419066
23 0,0642891
24 0,0458371
25 0,0623109
25 0,0810755
26 0,0563317
27 0,063959
28 0,0653023
29 0,0509804
30 0,0499728
31 0,0514425
32 0,0545326
32 0,0660728
33 0,0879686
34 0,0814983
35 0,0799358
36 0,0975361
37 0,140093
38 0,0639266
39 0,13864
40 0,0700098
40 0,066536
41 0,10694
42 0,0902311
43 0,0849585
44 0,0534937
45 0,108948
46 0,104898
47 0,0672205
47 0,0859037
48 0,0951157
49 0,0737447
50 0,0950759
51 0,0905669
52 0,0729821
53 0,0936387
54 0,0854899
54 0,0776331
55 0,0836038
56 0,102594
57 0,0955726
58 0,0822801
59 0,0854962
60 0,0889756
61 0,101182
61 0,106712
62 0,0990722
63 0,100229
64 0,098089
65 0,0978504
66 0,120216
67 0,102092
67 0,098658
68 0,0947862
69 0,108408
70 0,103625
71 0,11128
72 0,126677
73 0,0889235
73 0,116161
74 0,112515
75 0,112841
76 0,11982
77 0,103189
78 0,0984901
78 0,111284
79 0,121633
80 0,104637
81 0,112653
82 0,129688
83 0,140855
84 0,110007
84 0,0979942
85 0,113114
86 0,11554
87 0,119594
88 0,120384
89 0,125964
89 0,133215
90 0,128444
91 0,140563
92 0,101571
93 0,120384
94 0,13593
94 0,139645
95 0,13578
96 0,169597
97 0,122729
98 0,172709
99 0,174284
99 0,140364
100 0,124826
101 0,155595
102 0,126045
103 0,149164
104 0,200841
104 0,174184
105 0,169944
106 0,140603
107 0,160565
108 0,129241
109 0,129616
109 0,197739
110 0,156146
111 0,147275
112 0,161835
113 0,200975
113 0,158485
114 0,224311
115 0,144421
116 0,146256
117 0,171835
118 0,186691
118 0,138026
119 0,205878
120 0,211201
121 0,182604
122 0,148268
123 0,181349
123 0,132517
124 0,133324
125 0,137394
126 0,151196
127 0,174995
127 0,188742
128 0,145105
129 0,137815
130 0,172785
131 0,155933
132 0,183956
132 0,178831
133 0,163223
134 0,161996
135 0,163081
136 0,260836
136 0,158426
137 0,185581
138 0,165568
139 0,176425
140 0,167048
140 0,13199
141 0,16381
142 0,136507
143 0,157534
144 0,178456
145 0,186372
145 0,159711
146 0,19253
147 0,176784
148 0,156462
149 0,176062
149 0,16731
150 0,192054
151 0,176989
152 0,144261
153 0,189163
153 0,175185
154 0,162193
155 0,16361
156 0,159926
157 0,207808
157 0,184422
158 0,186983
159 0,1823
160 0,200474
161 0,173107
161 0,18936
162 0,189963
163 0,182949
164 0,173695
165 0,173467
166 0,205164
166 0,188299
167 0,204869
168 0,19739
169 0,173792
170 0,180459
170 0,202917
171 0,191279
172 0,190015
173 0,176458
174 0,162945
