0,00246264 0,049625 1 0,128056 0 0 0 0 0 0 0 200
0,000555209 0,0235629 2 -0,121518 0,057894 0 0 0 0 0 102 0
0,000466728 0,0216039 2 0,043386 0 0,00091802 0 0 0 0 137 0
0,000438773 0,0209469 3 -0,0170129 0,0202986 0,000624137 0 0 0 0 235 0
0,000430786 0,0207554 3 0,0147167 0 0,00325341 -0,000432478 0 0 0 319 0
0,000430765 0,0207549 4 0,0486575 -0,0191613 0,00541045 -0,000780556 0 0 0 501 0
0,000423548 0,0205803 3 0,0246297 0 0,00149356 0 -3,15903e-06 0 0 312 0
0,000421925 0,0205408 4 0,0422904 0 -0,00121691 0,000644269 -7,37771e-06 0 0 564 0
0,000408039 0,0202 5 -0,112015 0,130924 -0,0285373 0,00605318 -2,8144e-05 0 0 1227 0
0,000823396 0,0286949 4 -0,0698835 0 0,00521 0 -4,33945e-05 1,29168e-07 0 282 0
0,000446412 0,0211285 5 -0,204327 0,120833 -0,00577788 0 5,21524e-05 -1,55571e-07 0 678 0
0,000437018 0,020905 5 -0,0854101 0 0,0260169 -0,00694777 0,000105691 -2,3401e-07 0 587 0
0,000442779 0,0210423 6 -0,109782 0,0204547 0,0214851 -0,00600462 9,99207e-05 -2,27301e-07 0 1022 0
0,000608715 0,0246721 5 -0,0742169 0 0,00806669 0 -0,000135961 1,03381e-06 -2,7218e-09 451 0
0,000407511 0,0201869 6 -0,0920731 0 0,0353089 -0,0108048 0,000263022 -1,16907e-06 2,21392e-09 830 0
0,000409269 0,0202304 7 -0,047303 -0,0587742 0,0539671 -0,0151647 0,000311544 -1,30593e-06 2,4076e-09 1832 0
